42 40 5 64 75
63 51 21 14 27
29 39 x 69 45
30 47 19 4 72
8 57 60 37 13

33 66 1 46 75
9 28 4 11 52
65 14 x 43 54
31 15 53 2 68
29 39 5 70 51

62 53 29 73 59
4 20 66 67 6
72 71 x 16 11
31 3 46 52 7
12 45 51 17 37

72 33 2 70 51
42 14 20 54 46
49 47 x 53 40
13 50 17 59 24
74 60 21 62 8

70 30 27 68 56 2 24 43 67 44 19 58 45 10 16 71 47 63 74 5 62 29 32 69 41 57 11 18 9 34 46 17 28 72 23 53 54 6 61 20 15 8 33 42 25 26 3 4 38 50 73 13 12 7 21 52 60 64 55 51 40 65 35 37 14 39 36 22 48 31 49 75 66 59 1
